convfont
Double width: true
Height: 8
Fixed width: 8
Font data:
Data:
1111111111111111
1111111111111111
1111111111111111
1111111111111111
1111111111111111
1111111111111111
1111111111111111
1111111111111111
Data:
1111111111111111
1100001100001111
0000111100000011
1111110000000000
1111110000000011
0011111100000011
0000111111000011
1100111111001111
Data:
1111000000001111
1100000000000011
0000001111000000
0000111100110000
0000110011110000
0000001111000000
1100000000000011
1111000000001111
Data:
1111110000111111
1111110000111111
1111111111111111
1111110000111111
1111110000111111
1111110000111111
1111110000111111
1111110000111111
Data:
1111110011111111
1111000000111111
1100000000001111
0000000000000011
1100000000001111
1111000000111111
1111110011111111
1111111111111111
Data:
1111000000111111
1100000000001111
1111000000111111
0000000000000011
0000000000000011
1100000000001111
1111000000111111
1100000000001111
Data:
1111110011111111
1111110011111111
1111000000111111
1100000000001111
0000000000000011
1100000000001111
1111000000111111
1100000000001111
Data:
1111111111111111
1111111111111111
1111110000111111
1111000000001111
1111000000001111
1111110000111111
1111111111111111
1111111111111111
Data:
0000000000000000
0000000000000000
0000001111000000
0000111111110000
0000111111110000
0000001111000000
0000000000000000
0000000000000000
Data:
1111111111111111
1111000000001111
1100001111000011
1100111111110011
1100111111110011
1100001111000011
1111000000001111
1111111111111111
Data:
0000000000000000
0000111111110000
0011110000111100
0011000000001100
0011000000001100
0011110000111100
0000111111110000
0000000000000000
Data:
1111111100000000
1111111111000000
1111111100000000
1100000000001100
0000111100001111
0000111100001111
0000111100001111
1100000000111111
Data:
1111000000001111
1100001111000011
1100001111000011
1100001111000011
1111000000001111
1111110000111111
1100000000000011
1111110000111111
Data:
1111000000000000
1111000011110000
1111000000000000
1111000011111111
1111000011111111
1100000011111111
0000000011111111
0000001111111111
Data:
1100000000000000
1100001111110000
1100000000000000
1100001111110000
1100001111110000
1100001111000000
0000001111000011
0000111111111111
Data:
0011110000111100
1100110000110011
1111000000001111
0000001111000000
0000001111000000
1111000000001111
1100110000110011
0011110000111100
Data:
0011111111111111
0000001111111111
0000000000111111
0000000000000011
0000000000111111
0000001111111111
0011111111111111
1111111111111111
Data:
1111111111111111
1111111100000011
1111000000000011
0000000000000011
1111000000000011
1111111100000011
1111111111110011
1111111111111111
Data:
1111110000111111
1111000000001111
1100000000000011
1111110000111111
1111110000111111
1100000000000011
1111000000001111
1111110000111111
Data:
1100001111000011
1100001111000011
1100001111000011
1100001111000011
1100001111000011
1111111111111111
1100001111000011
1111111111111111
Data:
1100000000000000
0000110000110000
0000110000110000
1100000000110000
1111110000110000
1111110000110000
1111110000110000
1111111111111111
Data:
1111000000000011
1100001111110000
1111000000111111
1100001100001111
1100001100001111
1111000000111111
0000111100001111
1100000000111111
Data:
1111111111111111
1111111111111111
1111111111111111
1111111111111111
1100000000000011
1100000000000011
1100000000000011
1111111111111111
Data:
1111110000111111
1111000000001111
1100000000000011
1111110000111111
1100000000000011
1111000000001111
1111110000111111
0000000000000000
Data:
1111110000111111
1111000000001111
1100000000000011
1111110000111111
1111110000111111
1111110000111111
1111110000111111
1111111111111111
Data:
1111110000111111
1111110000111111
1111110000111111
1111110000111111
1100000000000011
1111000000001111
1111110000111111
1111111111111111
Data:
1111111111111111
1111110000111111
1111111100001111
0000000000000011
1111111100001111
1111110000111111
1111111111111111
1111111111111111
Data:
1111111111111111
1111000011111111
1100001111111111
0000000000000011
1100001111111111
1111000011111111
1111111111111111
1111111111111111
Data:
1111111111111111
1111111111111111
0000111111111111
0000111111111111
0000111111111111
0000000000000011
1111111111111111
1111111111111111
Data:
1111111111111111
1111001111001111
1100001111000011
0000000000000000
1100001111000011
1111001111001111
1111111111111111
1111111111111111
Data:
1111111111111111
1111110000111111
1111000000001111
1100000000000011
0000000000000000
0000000000000000
1111111111111111
1111111111111111
Data:
1111111111111111
0000000000000000
0000000000000000
1100000000000011
1111000000001111
1111110000111111
1111111111111111
1111111111111111
Data:
1111111111111111
1111111111111111
1111111111111111
1111111111111111
1111111111111111
1111111111111111
1111111111111111
1111111111111111
Data:
1111000011111111
1100000000111111
1100000000111111
1111000011111111
1111000011111111
1111111111111111
1111000011111111
1111111111111111
Data:
1100001100001111
1100001100001111
1100001100001111
1111111111111111
1111111111111111
1111111111111111
1111111111111111
1111111111111111
Data:
1100001100001111
1100001100001111
0000000000000011
1100001100001111
0000000000000011
1100001100001111
1100001100001111
1111111111111111
Data:
1111000011111111
1100000000001111
0000111111111111
1100000000111111
1111111100001111
0000000000111111
1111000011111111
1111111111111111
Data:
1111111111111111
0000111111000011
0000111100001111
1111110000111111
1111000011111111
1100001111000011
0000111111000011
1111111111111111
Data:
1111000000111111
1100001100001111
1111000000111111
1100000011000011
0000110000001111
0000111100001111
1100000011000011
1111111111111111
Data:
1100001111111111
1100001111111111
0000111111111111
1111111111111111
1111111111111111
1111111111111111
1111111111111111
1111111111111111
Data:
1111110000111111
1111000011111111
1100001111111111
1100001111111111
1100001111111111
1111000011111111
1111110000111111
1111111111111111
Data:
1100001111111111
1111000011111111
1111110000111111
1111110000111111
1111110000111111
1111000011111111
1100001111111111
1111111111111111
Data:
1111111111111111
1100001111000011
1111000000001111
0000000000000000
1111000000001111
1100001111000011
1111111111111111
1111111111111111
Data:
1111111111111111
1111000011111111
1111000011111111
0000000000001111
1111000011111111
1111000011111111
1111111111111111
1111111111111111
Data:
1111111111111111
1111111111111111
1111111111111111
1111111111111111
1111111111111111
1111000011111111
1111000011111111
1100001111111111
Data:
1111111111111111
1111111111111111
1111111111111111
0000000000001111
1111111111111111
1111111111111111
1111111111111111
1111111111111111
Data:
1111111111111111
1111111111111111
1111111111111111
1111111111111111
1111111111111111
1111000011111111
1111000011111111
1111111111111111
Data:
1111111111000011
1111111100001111
1111110000111111
1111000011111111
1100001111111111
0000111111111111
0011111111111111
1111111111111111
Data:
1100000000001111
0000111111000011
0000111100000011
0000110000000011
0000000011000011
0000001111000011
1100000000001111
1111111111111111
Data:
1111000011111111
1100000011111111
1111000011111111
1111000011111111
1111000011111111
1111000011111111
0000000000001111
1111111111111111
Data:
1100000000111111
0000111100001111
1111111100001111
1111000000111111
1100001111111111
0000111100001111
0000000000001111
1111111111111111
Data:
1100000000111111
0000111100001111
1111111100001111
1111000000111111
1111111100001111
0000111100001111
1100000000111111
1111111111111111
Data:
1111110000001111
1111000000001111
1100001100001111
0000111100001111
0000000000000011
1111111100001111
1111110000000011
1111111111111111
Data:
0000000000001111
0000111111111111
0000000000111111
1111111100001111
1111111100001111
0000111100001111
1100000000111111
1111111111111111
Data:
1111000000111111
1100001111111111
0000111111111111
0000000000111111
0000111100001111
0000111100001111
1100000000111111
1111111111111111
Data:
0000000000001111
0000111100001111
1111111100001111
1111110000111111
1111000011111111
1111000011111111
1111000011111111
1111111111111111
Data:
1100000000111111
0000111100001111
0000111100001111
1100000000111111
0000111100001111
0000111100001111
1100000000111111
1111111111111111
Data:
1100000000111111
0000111100001111
0000111100001111
1100000000001111
1111111100001111
1111110000111111
1100000011111111
1111111111111111
Data:
1111111111111111
1111000011111111
1111000011111111
1111111111111111
1111111111111111
1111000011111111
1111000011111111
1111111111111111
Data:
1111111111111111
1111000011111111
1111000011111111
1111111111111111
1111111111111111
1111000011111111
1111000011111111
1100001111111111
Data:
1111110000111111
1111000011111111
1100001111111111
0000111111111111
1100001111111111
1111000011111111
1111110000111111
1111111111111111
Data:
1111111111111111
1111111111111111
0000000000001111
1111111111111111
1111111111111111
0000000000001111
1111111111111111
1111111111111111
Data:
1100001111111111
1111000011111111
1111110000111111
1111111100001111
1111110000111111
1111000011111111
1100001111111111
1111111111111111
Data:
1100000000111111
0000111100001111
1111111100001111
1111110000111111
1111000011111111
1111111111111111
1111000011111111
1111111111111111
Data:
1100000000001111
0000111111000011
0000110000000011
0000110000000011
0000110000000011
0000111111111111
1100000000111111
1111111111111111
Data:
1111000011111111
1100000000111111
0000111100001111
0000111100001111
0000000000001111
0000111100001111
0000111100001111
1111111111111111
Data:
0000000000001111
1100001111000011
1100001111000011
1100000000001111
1100001111000011
1100001111000011
0000000000001111
1111111111111111
Data:
1111000000001111
1100001111000011
0000111111111111
0000111111111111
0000111111111111
1100001111000011
1111000000001111
1111111111111111
Data:
0000000000111111
1100001100001111
1100001111000011
1100001111000011
1100001111000011
1100001100001111
0000000000111111
1111111111111111
Data:
0000000000000011
1100001111110011
1100001100111111
1100000000111111
1100001100111111
1100001111110011
0000000000000011
1111111111111111
Data:
0000000000000011
1100001111110011
1100001100111111
1100000000111111
1100001100111111
1100001111111111
0000000011111111
1111111111111111
Data:
1111000000001111
1100001111000011
0000111111111111
0000111111111111
0000111100000011
1100001111000011
1111000000000011
1111111111111111
Data:
0000111100001111
0000111100001111
0000111100001111
0000000000001111
0000111100001111
0000111100001111
0000111100001111
1111111111111111
Data:
1100000000111111
1111000011111111
1111000011111111
1111000011111111
1111000011111111
1111000011111111
1100000000111111
1111111111111111
Data:
1111110000000011
1111111100001111
1111111100001111
1111111100001111
0000111100001111
0000111100001111
1100000000111111
1111111111111111
Data:
0000001111000011
1100001111000011
1100001100001111
1100000000111111
1100001100001111
1100001111000011
0000001111000011
1111111111111111
Data:
0000000011111111
1100001111111111
1100001111111111
1100001111111111
1100001111110011
1100001111000011
0000000000000011
1111111111111111
Data:
0000111111000011
0000001100000011
0000000000000011
0000000000000011
0000110011000011
0000111111000011
0000111111000011
1111111111111111
Data:
0000111111000011
0000001111000011
0000000011000011
0000110000000011
0000111100000011
0000111111000011
0000111111000011
1111111111111111
Data:
1111000000111111
1100001100001111
0000111111000011
0000111111000011
0000111111000011
1100001100001111
1111000000111111
1111111111111111
Data:
0000000000001111
1100001111000011
1100001111000011
1100000000001111
1100001111111111
1100001111111111
0000000011111111
1111111111111111
Data:
1100000000111111
0000111100001111
0000111100001111
0000111100001111
0000110000001111
1100000000111111
1111110000001111
1111111111111111
Data:
0000000000001111
1100001111000011
1100001111000011
1100000000001111
1100001100001111
1100001111000011
0000001111000011
1111111111111111
Data:
1100000000111111
0000111100001111
0000001111111111
1100000011111111
1111110000001111
0000111100001111
1100000000111111
1111111111111111
Data:
0000000000001111
0011000011001111
1111000011111111
1111000011111111
1111000011111111
1111000011111111
1100000000111111
1111111111111111
Data:
0000111100001111
0000111100001111
0000111100001111
0000111100001111
0000111100001111
0000111100001111
0000000000001111
1111111111111111
Data:
0000111100001111
0000111100001111
0000111100001111
0000111100001111
0000111100001111
1100000000111111
1111000011111111
1111111111111111
Data:
0000111111000011
0000111111000011
0000111111000011
0000110011000011
0000000000000011
0000001100000011
0000111111000011
1111111111111111
Data:
0000111111000011
0000111111000011
1100001100001111
1111000000111111
1111000000111111
1100001100001111
0000111111000011
1111111111111111
Data:
0000111100001111
0000111100001111
0000111100001111
1100000000111111
1111000011111111
1111000011111111
1100000000111111
1111111111111111
Data:
0000000000000011
0000111111000011
0011111100001111
1111110000111111
1111000011110011
1100001111000011
0000000000000011
1111111111111111
Data:
1100000000111111
1100001111111111
1100001111111111
1100001111111111
1100001111111111
1100001111111111
1100000000111111
1111111111111111
Data:
0000111111111111
1100001111111111
1111000011111111
1111110000111111
1111111100001111
1111111111000011
1111111111110011
1111111111111111
Data:
1100000000111111
1111110000111111
1111110000111111
1111110000111111
1111110000111111
1111110000111111
1100000000111111
1111111111111111
Data:
1111110011111111
1111000000111111
1100001100001111
0000111111000011
1111111111111111
1111111111111111
1111111111111111
1111111111111111
Data:
1111111111111111
1111111111111111
1111111111111111
1111111111111111
1111111111111111
1111111111111111
1111111111111111
0000000000000000
Data:
1111000011111111
1111000011111111
1111110000111111
1111111111111111
1111111111111111
1111111111111111
1111111111111111
1111111111111111
Data:
1111111111111111
1111111111111111
1100000000111111
1111111100001111
1100000000001111
0000111100001111
1100000011000011
1111111111111111
Data:
0000001111111111
1100001111111111
1100001111111111
1100000000001111
1100001111000011
1100001111000011
0000110000001111
1111111111111111
Data:
1111111111111111
1111111111111111
1100000000111111
0000111100001111
0000111111111111
0000111100001111
1100000000111111
1111111111111111
Data:
1111110000001111
1111111100001111
1111111100001111
1100000000001111
0000111100001111
0000111100001111
1100000011000011
1111111111111111
Data:
1111111111111111
1111111111111111
1100000000111111
0000111100001111
0000000000001111
0000111111111111
1100000000111111
1111111111111111
Data:
1111000000111111
1100001100001111
1100001111111111
0000000011111111
1100001111111111
1100001111111111
0000000011111111
1111111111111111
Data:
1111111111111111
1111111111111111
1100000011000011
0000111100001111
0000111100001111
1100000000001111
1111111100001111
0000000000111111
Data:
0000001111111111
1100001111111111
1100001100001111
1100000011000011
1100001111000011
1100001111000011
0000001111000011
1111111111111111
Data:
1111000011111111
1111111111111111
1100000011111111
1111000011111111
1111000011111111
1111000011111111
1100000000111111
1111111111111111
Data:
1111111100001111
1111111111111111
1111111100001111
1111111100001111
1111111100001111
0000111100001111
0000111100001111
1100000000111111
Data:
0000001111111111
1100001111111111
1100001111000011
1100001100001111
1100000000111111
1100001100001111
0000001111000011
1111111111111111
Data:
1100000011111111
1111000011111111
1111000011111111
1111000011111111
1111000011111111
1111000011111111
1100000000111111
1111111111111111
Data:
1111111111111111
1111111111111111
0000111100001111
0000000000000011
0000000000000011
0000110011000011
0000111111000011
1111111111111111
Data:
1111111111111111
1111111111111111
0000000000111111
0000111100001111
0000111100001111
0000111100001111
0000111100001111
1111111111111111
Data:
1111111111111111
1111111111111111
1100000000111111
0000111100001111
0000111100001111
0000111100001111
1100000000111111
1111111111111111
Data:
1111111111111111
1111111111111111
0000110000001111
1100001111000011
1100001111000011
1100000000001111
1100001111111111
0000000011111111
Data:
1111111111111111
1111111111111111
1100000011000011
0000111100001111
0000111100001111
1100000000001111
1111111100001111
1111110000000011
Data:
1111111111111111
1111111111111111
0000110000001111
1100000011000011
1100001111000011
1100001111111111
0000000011111111
1111111111111111
Data:
1111111111111111
1111111111111111
1100000000001111
0000111111111111
1100000000111111
1111111100001111
0000000000111111
1111111111111111
Data:
1111110011111111
1111000011111111
1100000000001111
1111000011111111
1111000011111111
1111000011001111
1111110000111111
1111111111111111
Data:
1111111111111111
1111111111111111
0000111100001111
0000111100001111
0000111100001111
0000111100001111
1100000011000011
1111111111111111
Data:
1111111111111111
1111111111111111
0000111100001111
0000111100001111
0000111100001111
1100000000111111
1111000011111111
1111111111111111
Data:
1111111111111111
1111111111111111
0000111111000011
0000110011000011
0000000000000011
0000000000000011
1100001100001111
1111111111111111
Data:
1111111111111111
1111111111111111
0000111111000011
1100001100001111
1111000000111111
1100001100001111
0000111111000011
1111111111111111
Data:
1111111111111111
1111111111111111
0000111100001111
0000111100001111
0000111100001111
1100000000001111
1111111100001111
0000000000111111
Data:
1111111111111111
1111111111111111
0000000000001111
0011110000111111
1111000011111111
1100001111001111
0000000000001111
1111111111111111
Data:
1111110000001111
1111000011111111
1111000011111111
0000001111111111
1111000011111111
1111000011111111
1111110000001111
1111111111111111
Data:
1111110000111111
1111110000111111
1111110000111111
1111111111111111
1111110000111111
1111110000111111
1111110000111111
1111111111111111
Data:
0000001111111111
1111000011111111
1111000011111111
1111110000001111
1111000011111111
1111000011111111
0000001111111111
1111111111111111
Data:
1100000011000011
0000110000001111
1111111111111111
1111111111111111
1111111111111111
1111111111111111
1111111111111111
1111111111111111
Data:
1111111111111111
1111110011111111
1111000000111111
1100001100001111
0000111111000011
0000111111000011
0000000000000011
1111111111111111
Data:
1100000000111111
0000111100001111
0000111111111111
0000111100001111
1100000000111111
1111110000111111
1111111100001111
1100000000111111
Data:
1111111111111111
0000111100001111
1111111111111111
0000111100001111
0000111100001111
0000111100001111
1100000000000011
1111111111111111
Data:
1111110000001111
1111111111111111
1100000000111111
0000111100001111
0000000000001111
0000111111111111
1100000000111111
1111111111111111
Data:
1100000000000011
0000111111110000
1111000000001111
1111111111000011
1111000000000011
1100001111000011
1111000000000000
1111111111111111
Data:
0000111100001111
1111111111111111
1100000000111111
1111111100001111
1100000000001111
0000111100001111
1100000000000011
1111111111111111
Data:
0000001111111111
1111111111111111
1100000000111111
1111111100001111
1100000000001111
0000111100001111
1100000000000011
1111111111111111
Data:
1111000011111111
1111000011111111
1100000000111111
1111111100001111
1100000000001111
0000111100001111
1100000000000011
1111111111111111
Data:
1111111111111111
1111111111111111
1100000000111111
0000111111111111
0000111111111111
1100000000111111
1111111100001111
1111000000111111
Data:
1100000000000011
0000111111110000
1111000000001111
1100001111000011
1100000000000011
1100001111111111
1111000000001111
1111111111111111
Data:
0000111100001111
1111111111111111
1100000000111111
0000111100001111
0000000000001111
0000111111111111
1100000000111111
1111111111111111
Data:
0000001111111111
1111111111111111
1100000000111111
0000111100001111
0000000000001111
0000111111111111
1100000000111111
1111111111111111
Data:
0000111100001111
1111111111111111
1100000011111111
1111000011111111
1111000011111111
1111000011111111
1100000000111111
1111111111111111
Data:
1100000000001111
0000111111000011
1111000000111111
1111110000111111
1111110000111111
1111110000111111
1111000000001111
1111111111111111
Data:
0000001111111111
1111111111111111
1100000011111111
1111000011111111
1111000011111111
1111000011111111
1100000000111111
1111111111111111
Data:
0000111111000011
1111000000111111
1100001100001111
0000111111000011
0000000000000011
0000111111000011
0000111111000011
1111111111111111
Data:
1111000011111111
1111000011111111
1111111111111111
1100000000111111
0000111100001111
0000000000001111
0000111100001111
1111111111111111
Data:
1111110000001111
1111111111111111
0000000000001111
1100001111111111
1100000000111111
1100001111111111
0000000000001111
1111111111111111
Data:
1111111111111111
1111111111111111
1100000000000000
1111111100001111
1100000000000000
0000111100001111
1100000000000000
1111111111111111
Data:
1111000000000011
1100001100001111
0000111100001111
0000000000000011
0000111100001111
0000111100001111
0000111100000011
1111111111111111
Data:
1100000000111111
0000111100001111
1111111111111111
1100000000111111
0000111100001111
0000111100001111
1100000000111111
1111111111111111
Data:
1111111111111111
0000111100001111
1111111111111111
1100000000111111
0000111100001111
0000111100001111
1100000000111111
1111111111111111
Data:
1111111111111111
0000001111111111
1111111111111111
1100000000111111
0000111100001111
0000111100001111
1100000000111111
1111111111111111
Data:
1100000000111111
0000111100001111
1111111111111111
0000111100001111
0000111100001111
0000111100001111
1100000000000011
1111111111111111
Data:
1111111111111111
0000001111111111
1111111111111111
0000111100001111
0000111100001111
0000111100001111
1100000000000011
1111111111111111
Data:
1111111111111111
0000111100001111
1111111111111111
0000111100001111
0000111100001111
1100000000001111
1111111100001111
0000000000111111
Data:
0000111111110000
1111110000111111
1111000000001111
1100001111000011
1100001111000011
1111000000001111
1111110000111111
1111111111111111
Data:
0000111100001111
1111111111111111
0000111100001111
0000111100001111
0000111100001111
0000111100001111
1100000000111111
1111111111111111
Data:
1111110000111111
1111110000111111
1100000000000011
0000111111111111
0000111111111111
1100000000000011
1111110000111111
1111110000111111
Data:
1111000000111111
1100001100001111
1100001111001111
0000000011111111
1100001111111111
0000001111000011
0000000000001111
1111111111111111
Data:
0000111100001111
0000111100001111
1100000000111111
0000000000001111
1111000011111111
0000000000001111
1111000011111111
1111000011111111
Data:
0000000000111111
0000111100001111
0000111100001111
0000000000110011
0000111111000011
0000111100000000
0000111111000011
0000111111000000
Data:
1111111100000011
1111110000110000
1111110000111111
1111000000001111
1111110000111111
1111110000111111
0000110000111111
1100000011111111
Data:
1111110000001111
1111111111111111
1100000000111111
1111111100001111
1100000000001111
0000111100001111
1100000000000011
1111111111111111
Data:
1111000000111111
1111111111111111
1100000011111111
1111000011111111
1111000011111111
1111000011111111
1100000000111111
1111111111111111
Data:
1111111111111111
1111110000001111
1111111111111111
1100000000111111
0000111100001111
0000111100001111
1100000000111111
1111111111111111
Data:
1111111111111111
1111110000001111
1111111111111111
0000111100001111
0000111100001111
0000111100001111
1100000000000011
1111111111111111
Data:
1111111111111111
0000000000111111
1111111111111111
0000000000111111
0000111100001111
0000111100001111
0000111100001111
1111111111111111
Data:
0000000000001111
1111111111111111
0000111100001111
0000001100001111
0000000000001111
0000110000001111
0000111100001111
1111111111111111
Data:
1111000000001111
1100001100001111
1100001100001111
1111000000000011
1111111111111111
1100000000000011
1111111111111111
1111111111111111
Data:
1111000000111111
1100001100001111
1100001100001111
1111000000111111
1111111111111111
1100000000001111
1111111111111111
1111111111111111
Data:
1111000011111111
1111111111111111
1111000011111111
1100001111111111
0000111111111111
0000111100001111
1100000000111111
1111111111111111
Data:
1111111111111111
1111111111111111
1111111111111111
0000000000001111
0000111111111111
0000111111111111
1111111111111111
1111111111111111
Data:
1111111111111111
1111111111111111
1111111111111111
0000000000001111
1111111100001111
1111111100001111
1111111111111111
1111111111111111
Data:
0000111111110000
0000111111000011
0000111100001111
0000110000000011
1111000011110000
1100001111000011
0000111100001111
1111111100000000
Data:
0000111111110000
0000111111000011
0000111100001111
0000110000110000
1111000011000000
1100001100000000
0000111100000000
1111111111110000
Data:
1111110000111111
1111110000111111
1111111111111111
1111110000111111
1111110000111111
1111110000111111
1111110000111111
1111111111111111
Data:
1111111111111111
1111000011110000
1100001111000011
0000111100001111
1100001111000011
1111000011110000
1111111111111111
1111111111111111
Data:
1111111111111111
0000111100001111
1100001111000011
1111000011110000
1100001111000011
0000111100001111
1111111111111111
1111111111111111
Data:
1111001111110011
0011111100111111
1111001111110011
0011111100111111
1111001111110011
0011111100111111
1111001111110011
0011111100111111
Data:
1100110011001100
0011001100110011
1100110011001100
0011001100110011
1100110011001100
0011001100110011
1100110011001100
0011001100110011
Data:
1100000011000000
0000110000001100
1100000011000000
0000110000001100
1100000011000000
0000110000001100
1100000011000000
0000110000001100
Data:
1111110000111111
1111110000111111
1111110000111111
1111110000111111
1111110000111111
1111110000111111
1111110000111111
1111110000111111
Data:
1111110000111111
1111110000111111
1111110000111111
1111110000111111
0000000000111111
1111110000111111
1111110000111111
1111110000111111
Data:
1111110000111111
1111110000111111
0000000000111111
1111110000111111
0000000000111111
1111110000111111
1111110000111111
1111110000111111
Data:
1111000011000011
1111000011000011
1111000011000011
1111000011000011
0000000011000011
1111000011000011
1111000011000011
1111000011000011
Data:
1111111111111111
1111111111111111
1111111111111111
1111111111111111
0000000000000011
1111000011000011
1111000011000011
1111000011000011
Data:
1111111111111111
1111111111111111
0000000000111111
1111110000111111
0000000000111111
1111110000111111
1111110000111111
1111110000111111
Data:
1111000011000011
1111000011000011
0000000011000011
1111111111000011
0000000011000011
1111000011000011
1111000011000011
1111000011000011
Data:
1111000011000011
1111000011000011
1111000011000011
1111000011000011
1111000011000011
1111000011000011
1111000011000011
1111000011000011
Data:
1111111111111111
1111111111111111
0000000000000011
1111111111000011
0000000011000011
1111000011000011
1111000011000011
1111000011000011
Data:
1111000011000011
1111000011000011
0000000011000011
1111111111000011
0000000000000011
1111111111111111
1111111111111111
1111111111111111
Data:
1111000011000011
1111000011000011
1111000011000011
1111000011000011
0000000000000011
1111111111111111
1111111111111111
1111111111111111
Data:
1111110000111111
1111110000111111
0000000000111111
1111110000111111
0000000000111111
1111111111111111
1111111111111111
1111111111111111
Data:
1111111111111111
1111111111111111
1111111111111111
1111111111111111
0000000000111111
1111110000111111
1111110000111111
1111110000111111
Data:
1111110000111111
1111110000111111
1111110000111111
1111110000111111
1111110000000000
1111111111111111
1111111111111111
1111111111111111
Data:
1111110000111111
1111110000111111
1111110000111111
1111110000111111
0000000000000000
1111111111111111
1111111111111111
1111111111111111
Data:
1111111111111111
1111111111111111
1111111111111111
1111111111111111
0000000000000000
1111110000111111
1111110000111111
1111110000111111
Data:
1111110000111111
1111110000111111
1111110000111111
1111110000111111
1111110000000000
1111110000111111
1111110000111111
1111110000111111
Data:
1111111111111111
1111111111111111
1111111111111111
1111111111111111
0000000000000000
1111111111111111
1111111111111111
1111111111111111
Data:
1111110000111111
1111110000111111
1111110000111111
1111110000111111
0000000000000000
1111110000111111
1111110000111111
1111110000111111
Data:
1111110000111111
1111110000111111
1111110000000000
1111110000111111
1111110000000000
1111110000111111
1111110000111111
1111110000111111
Data:
1111000011000011
1111000011000011
1111000011000011
1111000011000011
1111000011000000
1111000011000011
1111000011000011
1111000011000011
Data:
1111000011000011
1111000011000011
1111000011000000
1111000011111111
1111000000000000
1111111111111111
1111111111111111
1111111111111111
Data:
1111111111111111
1111111111111111
1111000000000000
1111000011111111
1111000011000000
1111000011000011
1111000011000011
1111000011000011
Data:
1111000011000011
1111000011000011
0000000011000000
1111111111111111
0000000000000000
1111111111111111
1111111111111111
1111111111111111
Data:
1111111111111111
1111111111111111
0000000000000000
1111111111111111
0000000011000000
1111000011000011
1111000011000011
1111000011000011
Data:
1111000011000011
1111000011000011
1111000011000000
1111000011111111
1111000011000000
1111000011000011
1111000011000011
1111000011000011
Data:
1111111111111111
1111111111111111
0000000000000000
1111111111111111
0000000000000000
1111111111111111
1111111111111111
1111111111111111
Data:
1111000011000011
1111000011000011
0000000011000000
1111111111111111
0000000011000000
1111000011000011
1111000011000011
1111000011000011
Data:
1111110000111111
1111110000111111
0000000000000000
1111111111111111
0000000000000000
1111111111111111
1111111111111111
1111111111111111
Data:
1111000011000011
1111000011000011
1111000011000011
1111000011000011
0000000000000000
1111111111111111
1111111111111111
1111111111111111
Data:
1111111111111111
1111111111111111
0000000000000000
1111111111111111
0000000000000000
1111110000111111
1111110000111111
1111110000111111
Data:
1111111111111111
1111111111111111
1111111111111111
1111111111111111
0000000000000000
1111000011000011
1111000011000011
1111000011000011
Data:
1111000011000011
1111000011000011
1111000011000011
1111000011000011
1111000000000000
1111111111111111
1111111111111111
1111111111111111
Data:
1111110000111111
1111110000111111
1111110000000000
1111110000111111
1111110000000000
1111111111111111
1111111111111111
1111111111111111
Data:
1111111111111111
1111111111111111
1111110000000000
1111110000111111
1111110000000000
1111110000111111
1111110000111111
1111110000111111
Data:
1111111111111111
1111111111111111
1111111111111111
1111111111111111
1111000000000000
1111000011000011
1111000011000011
1111000011000011
Data:
1111000011000011
1111000011000011
1111000011000011
1111000011000011
0000000000000000
1111000011000011
1111000011000011
1111000011000011
Data:
1111110000111111
1111110000111111
0000000000000000
1111110000111111
0000000000000000
1111110000111111
1111110000111111
1111110000111111
Data:
1111110000111111
1111110000111111
1111110000111111
1111110000111111
0000000000111111
1111111111111111
1111111111111111
1111111111111111
Data:
1111111111111111
1111111111111111
1111111111111111
1111111111111111
1111110000000000
1111110000111111
1111110000111111
1111110000111111
Data:
0000000000000000
0000000000000000
0000000000000000
0000000000000000
0000000000000000
0000000000000000
0000000000000000
0000000000000000
Data:
1111111111111111
1111111111111111
1111111111111111
1111111111111111
0000000000000000
0000000000000000
0000000000000000
0000000000000000
Data:
0000000011111111
0000000011111111
0000000011111111
0000000011111111
0000000011111111
0000000011111111
0000000011111111
0000000011111111
Data:
1111111100000000
1111111100000000
1111111100000000
1111111100000000
1111111100000000
1111111100000000
1111111100000000
1111111100000000
Data:
0000000000000000
0000000000000000
0000000000000000
0000000000000000
1111111111111111
1111111111111111
1111111111111111
1111111111111111
Data:
1111111111111111
1111111111111111
1100000011000011
0000110000001111
0000111100111111
0000110000001111
1100000011000011
1111111111111111
Data:
1111111111111111
1100000000111111
0000111100001111
0000000000111111
0000111100001111
0000000000111111
0000111111111111
0000111111111111
Data:
1111111111111111
0000000000001111
0000111100001111
0000111111111111
0000111111111111
0000111111111111
0000111111111111
1111111111111111
Data:
1111111111111111
0000000000000011
1100001100001111
1100001100001111
1100001100001111
1100001100001111
1100001100001111
1111111111111111
Data:
0000000000001111
0000111100001111
1100001111111111
1111000011111111
1100001111111111
0000111100001111
0000000000001111
1111111111111111
Data:
1111111111111111
1111111111111111
1100000000000011
0000110000111111
0000110000111111
0000110000111111
1100000011111111
1111111111111111
Data:
1111111111111111
1100001111000011
1100001111000011
1100001111000011
1100001111000011
1100000000001111
1100001111111111
0000111111111111
Data:
1111111111111111
1100000011000011
0000110000001111
1111110000111111
1111110000111111
1111110000111111
1111110000111111
1111111111111111
Data:
0000000000001111
1111000011111111
1100000000111111
0000111100001111
0000111100001111
1100000000111111
1111000011111111
0000000000001111
Data:
1111000000111111
1100001100001111
0000111111000011
0000000000000011
0000111111000011
1100001100001111
1111000000111111
1111111111111111
Data:
1111000000111111
1100001100001111
0000111111000011
0000111111000011
1100001100001111
1100001100001111
0000001100000011
1111111111111111
Data:
1111110000001111
1111000011111111
1111110000111111
1100000000001111
0000111100001111
0000111100001111
1100000000111111
1111111111111111
Data:
1111111111111111
1111111111111111
1100000000000011
0000110000110000
0000110000110000
1100000000000011
1111111111111111
1111111111111111
Data:
1111111111000011
1111111100001111
1100000000000011
0000110000110000
0000110000110000
1100000000000011
1100001111111111
0000111111111111
Data:
1111000000111111
1100001111111111
0000111111111111
0000000000111111
0000111111111111
1100001111111111
1111000000111111
1111111111111111
Data:
1100000000111111
0000111100001111
0000111100001111
0000111100001111
0000111100001111
0000111100001111
0000111100001111
1111111111111111
Data:
1111111111111111
0000000000001111
1111111111111111
0000000000001111
1111111111111111
0000000000001111
1111111111111111
1111111111111111
Data:
1111000011111111
1111000011111111
0000000000001111
1111000011111111
1111000011111111
1111111111111111
0000000000001111
1111111111111111
Data:
1100001111111111
1111000011111111
1111110000111111
1111000011111111
1100001111111111
1111111111111111
0000000000001111
1111111111111111
Data:
1111110000111111
1111000011111111
1100001111111111
1111000011111111
1111110000111111
1111111111111111
0000000000001111
1111111111111111
Data:
1111111100000011
1111110000110000
1111110000110000
1111110000111111
1111110000111111
1111110000111111
1111110000111111
1111110000111111
Data:
1111110000111111
1111110000111111
1111110000111111
1111110000111111
1111110000111111
0000110000111111
0000110000111111
1100000011111111
Data:
1111000011111111
1111000011111111
1111111111111111
0000000000001111
1111111111111111
1111000011111111
1111000011111111
1111111111111111
Data:
1111111111111111
1100000011000011
0000110000001111
1111111111111111
1100000011000011
0000110000001111
1111111111111111
1111111111111111
Data:
1111000000111111
1100001100001111
1100001100001111
1111000000111111
1111111111111111
1111111111111111
1111111111111111
1111111111111111
Data:
1111111111111111
1111111111111111
1111111111111111
1111110000111111
1111110000111111
1111111111111111
1111111111111111
1111111111111111
Data:
1111111111111111
1111111111111111
1111111111111111
1111111111111111
1111110000111111
1111111111111111
1111111111111111
1111111111111111
Data:
1111111100000000
1111111100001111
1111111100001111
1111111100001111
0000001100001111
1100001100001111
1111000000001111
1111110000001111
Data:
1100000000111111
1100001100001111
1100001100001111
1100001100001111
1100001100001111
1111111111111111
1111111111111111
1111111111111111
Data:
1100000011111111
1111110000111111
1111000011111111
1100001111111111
1100000000111111
1111111111111111
1111111111111111
1111111111111111
Data:
1111111111111111
1111111111111111
1111000000001111
1111000000001111
1111000000001111
1111000000001111
1111111111111111
1111111111111111
Data:
1111111111111111
1111111111111111
1111111111111111
1111111111111111
1111111111111111
1111111111111111
1111111111111111
1111111111111111
